0 0
1 1
2 1
3 2
4 3
5 4
6 3
7 5
8 6
9 6
10 7
11 7
12 8
13 8
14 9
15 9
16 10
17 11
18 12
19 12
20 13
21 11
22 14
23 14
24 13
25 2
26 15
27 16
28 17
29 18
30 5
31 19
32 20
33 21
34 22
35 23
36 24
37 25
38 26
39 27
40 28
41 29
42 30
43 31
44 32
45 32
46 33
47 34
48 35
49 31
50 36
51 37
52 37
53 38
54 39
55 40
56 41
57 4
58 41
59 42
60 42
61 43
62 43
63 44
64 45
65 46
66 46
67 45
68 44
69 47
70 10
71 48
72 49
73 50
74 50
75 51
76 49
77 52
78 52
79 53
80 54
81 55
82 56
83 57
84 57
85 36
86 58
87 59
88 60
89 60
90 61
91 59
92 62
93 63
94 64
95 65
96 65
97 66
98 67
99 68
100 69
101 70
102 71
103 72
104 72
105 73
106 71
107 70
108 74
109 75
110 75
111 76
112 77
113 78
114 74
115 47
116 79
117 79
118 80
119 81
120 82
121 83
122 83
123 84
124 84
125 85
126 86
127 87
128 88
129 88
130 89
131 89
132 90
133 91
134 92
135 55
136 56
137 58
138 93
139 93
140 94
141 95
142 63
143 64
144 96
145 97
146 97
147 98
148 98
149 99
150 100
151 101
152 69
153 102
154 99
155 48
156 103
157 102
158 104
159 105
160 106
161 104
162 51
163 107
164 107
165 108
166 108
167 109
168 110
169 53
170 54
171 111
172 112
173 113
174 114
175 113
176 114
177 115
178 116
179 117
180 118
181 119
182 119
183 120
184 121
185 122
186 123
187 118
188 124
189 124
190 125
191 126
192 127
193 123
194 128
195 129
196 129
197 130
198 131
199 132
200 105
201 128
202 133
203 133
204 134
205 135
206 136
207 137
208 106
209 138
210 138
211 139
212 140
213 141
214 110
215 137
216 142
217 142
218 143
219 144
220 145
221 146
222 146
223 147
224 147
225 148
226 149
227 150
228 117
229 96
230 151
231 100
232 152
233 153
234 153
235 154
236 155
237 156
238 101
239 157
240 158
241 103
242 159
243 160
244 158
245 161
246 162
247 163
248 163
249 164
250 165
251 166
252 167
253 168
254 109
255 169
256 169
257 111
258 112
259 170
260 171
261 171
262 172
263 173
264 174
265 175
266 175
267 176
268 176
269 177
270 178
271 179
272 180
273 181
274 182
275 182
276 183
277 184
278 185
279 186
280 181
281 187
282 187
283 188
284 189
285 190
286 162
287 159
288 191
289 191
290 192
291 193
292 194
293 161
294 165
295 195
296 195
297 196
298 197
299 198
300 168
301 199
302 200
303 200
304 201
305 202
306 203
307 204
308 205
309 206
310 206
311 207
312 208
313 209
314 210
315 151
316 170
317 152
318 211
319 180
320 212
321 155
322 213
323 156
324 186
325 213
326 154
327 214
328 215
329 216
330 157
331 217
332 218
333 160
334 219
335 220
336 164
337 166
338 167
339 221
340 204
341 199
342 222
343 205
344 223
345 224
346 224
347 225
348 226
349 227
350 225
351 228
352 228
353 229
354 230
355 229
356 230
357 231
358 232
359 233
360 234
361 234
362 235
363 236
364 237
365 238
366 216
367 239
368 239
369 240
370 241
371 242
372 243
373 215
374 244
375 218
376 244
377 245
378 246
379 247
380 248
381 249
382 249
383 250
384 251
385 252
386 220
387 221
388 253
389 253
390 254
391 255
392 256
393 257
394 257
395 223
396 258
397 258
398 259
399 260
400 210
401 261
402 262
403 211
404 233
405 263
406 212
407 264
408 265
409 238
410 232
411 266
412 266
413 243
414 214
415 267
416 219
417 247
418 217
419 268
420 269
421 248
422 270
423 271
424 222
425 272
426 273
427 274
428 274
429 275
430 276
431 277
432 278
433 277
434 278
435 279
436 280
437 281
438 281
439 282
440 282
441 283
442 284
443 285
444 286
445 287
446 288
447 289
448 290
449 289
450 288
451 287
452 286
453 291
454 291
455 292
456 293
457 294
458 295
459 296
460 296
461 297
462 297
463 298
464 299
465 295
466 300
467 301
468 301
469 302
470 303
471 304
472 300
473 270
474 305
475 305
476 306
477 307
478 308
479 309
480 309
481 310
482 310
483 311
484 312
485 313
486 261
487 262
488 314
489 264
490 315
491 263
492 316
493 265
494 317
495 318
496 319
497 320
498 321
499 322
500 323
501 324
502 267
503 324
504 325
505 268
506 326
507 327
508 328
509 271
510 269
511 329
512 272
513 273
514 330
515 276
516 275
517 331
518 331
519 332
520 333
521 334
522 332
523 335
524 336
525 337
526 337
527 338
528 339
529 340
530 341
531 342
532 318
533 343
534 343
535 344
536 345
537 341
538 346
539 347
540 347
541 348
542 349
543 350
544 322
545 323
546 351
547 351
548 352
549 353
550 354
551 328
552 325
553 355
554 355
555 356
556 357
557 358
558 327
559 329
560 359
561 359
562 360
563 361
564 362
565 363
566 363
567 364
568 365
569 366
570 367
571 365
572 335
573 314
574 368
575 315
576 369
577 336
578 316
579 317
580 320
581 319
582 342
583 370
584 370
585 346
586 371
587 372
588 321
589 373
590 374
591 375
592 372
593 376
594 377
595 326
596 378
597 379
598 380
599 381
600 330
601 382
602 364
603 383
604 384
605 383
606 385
607 386
608 384
609 387
610 387
611 388
612 388
613 389
614 390
615 391
616 392
617 392
618 393
619 393
620 394
621 395
622 396
623 397
624 397
625 398
626 371
627 399
628 400
629 398
630 401
631 401
632 374
633 402
634 403
635 404
636 402
637 405
638 405
639 406
640 377
641 407
642 408
643 406
644 380
645 379
646 409
647 409
648 410
649 411
650 412
651 413
652 382
653 414
654 414
655 415
656 416
657 417
658 418
659 368
660 419
661 420
662 421
663 422
664 369
665 421
666 423
667 424
668 424
669 425
670 423
671 426
672 427
673 375
674 428
675 373
676 429
677 430
678 431
679 432
680 376
681 430
682 378
683 433
684 434
685 435
686 381
687 436
688 413
689 437
690 437
691 438
692 439
693 440
694 438
695 441
696 441
697 442
698 442
699 443
700 444
701 445
702 422
703 446
704 447
705 447
706 448
707 449
708 450
709 426
710 446
711 451
712 451
713 452
714 453
715 454
716 429
717 427
718 455
719 456
720 457
721 458
722 455
723 432
724 459
725 460
726 460
727 461
728 462
729 463
730 433
731 434
732 464
733 464
734 465
735 466
736 467
737 468
738 469
739 470
740 470
741 471
742 472
743 473
744 474
745 474
746 436
747 418
748 419
749 475
750 476
751 420
752 477
753 478
754 479
755 425
756 480
757 480
758 481
759 482
760 483
761 484
762 428
763 482
764 456
765 485
766 486
767 431
768 487
769 459
770 488
771 489
772 490
773 469
774 489
775 435
776 491
777 468
778 491
779 492
780 493
781 494
782 494
783 495
784 495
785 496
786 497
787 498
788 498
789 499
790 499
791 500
792 501
793 502
794 477
795 478
796 503
797 503
798 504
799 505
800 506
801 483
802 484
803 507
804 507
805 508
806 509
807 510
808 511
809 512
810 513
811 513
812 514
813 515
814 516
815 485
816 517
817 518
818 519
819 520
820 521
821 519
822 490
823 517
824 522
825 522
826 523
827 524
828 525
829 492
830 526
831 527
832 528
833 529
834 528
835 530
836 527
837 526
838 518
839 531
840 475
841 532
842 533
843 476
844 534
845 535
846 536
847 537
848 538
849 538
850 481
851 479
852 511
853 512
854 539
855 540
856 541
857 542
858 486
859 543
860 487
861 544
862 545
863 543
864 546
865 547
866 488
867 548
868 549
869 550
870 493
871 551
872 551
873 552
874 552
875 553
876 553
877 554
878 555
879 556
880 556
881 557
882 557
883 558
884 559
885 560
886 534
887 535
888 561
889 562
890 563
891 564
892 562
893 561
894 565
895 566
896 566
897 567
898 568
899 569
900 541
901 565
902 570
903 570
904 571
905 572
906 573
907 574
908 544
909 575
910 575
911 576
912 577
913 578
914 574
915 547
916 579
917 580
918 581
919 582
920 580
921 549
922 550
923 583
924 584
925 585
926 586
927 584
928 587
929 587
930 583
931 532
932 588
933 531
934 536
935 533
936 589
937 590
938 537
939 591
940 592
941 593
942 591
943 594
944 595
945 596
946 539
947 594
948 597
949 542
950 545
951 540
952 598
953 599
954 600
955 548
956 601
957 579
958 602
959 546
960 603
961 604
962 603
963 605
964 598
965 606
966 607
967 607
968 608
969 609
970 606
971 610
972 611
973 612
974 612
975 613
976 614
977 615
978 593
979 589
980 616
981 617
982 618
983 619
984 617
985 596
986 592
987 620
988 620
989 621
990 622
991 623
992 597
993 624
994 625
995 625
996 626
997 627
998 628
999 629
1000 630
1001 599
1002 631
1003 631
1004 632
1005 633
1006 634
1007 635
1008 636
1009 636
1010 637
1011 638
1012 639
1013 634
1014 640
1015 641
1016 642
1017 643
1018 644
1019 642
1020 641
1021 645
1022 645
1023 588
1024 646
1025 610
1026 647
1027 647
1028 590
1029 611
1030 648
1031 649
1032 616
1033 650
1034 648
1035 649
1036 624
1037 595
1038 651
1039 652
1040 630
1041 653
1042 600
1043 652
1044 629
1045 635
1046 654
1047 655
1048 656
1049 640
1050 602
1051 657
1052 605
1053 604
1054 658
1055 658
1056 601
1057 659
1058 660
1059 659
1060 660
1061 661
1062 662
1063 663
1064 663
1065 664
1066 664
1067 665
1068 666
1069 667
1070 668
1071 669
1072 670
1073 670
1074 671
1075 672
1076 673
1077 669
1078 674
1079 675
1080 675
1081 676
1082 677
1083 678
1084 679
1085 680
1086 681
1087 681
1088 682
1089 683
1090 684
1091 685
1092 653
1093 686
1094 686
1095 687
1096 688
1097 689
1098 685
1099 690
1100 691
1101 691
1102 692
1103 693
1104 694
1105 656
1106 695
1107 696
1108 697
1109 698
1110 697
1111 699
1112 700
1113 700
1114 696
1115 701
1116 646
1117 701
1118 702
1119 703
1120 704
1121 668
1122 705
1123 705
1124 650
1125 706
1126 707
1127 708
1128 674
1129 680
1130 708
1131 709
1132 710
1133 679
1134 651
1135 655
1136 711
1137 712
1138 654
1139 657
1140 713
1141 690
1142 714
1143 715
1144 716
1145 695
1146 716
1147 717
1148 717
1149 718
1150 719
1151 719
1152 718
1153 720
1154 721
1155 722
1156 722
1157 723
1158 723
1159 724
1160 725
1161 726
1162 704
1163 706
1164 727
1165 727
1166 728
1167 729
1168 730
1169 731
1170 732
1171 733
1172 733
1173 734
1174 735
1175 736
1176 732
1177 731
1178 737
1179 737
1180 738
1181 739
1182 740
1183 710
1184 741
1185 741
1186 742
1187 743
1188 744
1189 742
1190 745
1191 712
1192 746
1193 747
1194 748
1195 747
1196 749
1197 745
1198 750
1199 751
1200 751
1201 752
1202 753
1203 754
1204 755
1205 755
1206 746
1207 756
1208 756
1209 757
1210 758
1211 703
1212 702
1213 759
1214 760
1215 707
1216 761
1217 761
1218 760
1219 762
1220 763
1221 764
1222 765
1223 709
1224 766
1225 767
1226 768
1227 768
1228 711
1229 769
1230 770
1231 715
1232 713
1233 771
1234 770
1235 714
1236 772
1237 750
1238 773
1239 774
1240 773
1241 775
1242 775
1243 776
1244 777
1245 778
1246 766
1247 767
1248 779
1249 780
1250 781
1251 782
1252 780
1253 783
1254 779
1255 784
1256 785
1257 785
1258 786
1259 787
1260 788
1261 788
1262 784
1263 789
1264 769
1265 765
1266 790
1267 791
1268 771
1269 792
1270 790
1271 774
1272 793
1273 772
1274 783
1275 789
1276 794
1277 794
1278 795
1279 796
1280 797
1281 763
1282 798
1283 799
1284 800
1285 801
1286 802
1287 800
1288 793
1289 798
1290 803
1291 804
1292 805
1293 806
1294 807
1295 803
1296 804
1297 799
1298 808
1299 764
1300 792
1301 809
1302 791
1303 810
1304 811
1305 811
1306 812
1307 813
1308 814
1309 814
1310 808
1311 815
1312 815
1313 816
1314 817
1315 818
1316 819
1317 820
1318 821
1319 822
1320 823
1321 824
1322 822
1323 825
1324 825
1325 826
1326 826
1327 827
1328 828
1329 829
1330 830
1331 830
1332 821
1333 819
1334 820
1335 831
1336 762
1337 832
1338 810
1339 831
1340 809
1341 812
1342 813
1343 833
1344 834
1345 832
1346 835
1347 835
1348 836
1349 837
1350 838
1351 839
1352 840
1353 841
1354 841
1355 842
1356 843
1357 844
1358 839
1359 845
1360 846
1361 847
1362 847
1363 848
1364 849
1365 850
1366 850
1367 846
1368 759
1369 757
1370 758
1371 851
1372 840
1373 852
1374 851
1375 834
1376 845
1377 853
1378 854
1379 854
1380 833
1381 855
1382 855
1383 856
1384 857
1385 858
1386 859
1387 852
1388 860
1389 861
1390 862
1391 863
1392 864
1393 859
1394 853
1395 865
1396 866
1397 867
1398 868
1399 869
1400 870
1401 870
1402 860
1403 871
1404 872
1405 861
1406 872
1407 865
1408 866
1409 871
