0 0
1 1
2 1
3 1
4 1
5 2
6 1
7 1
8 2
9 2
10 3
11 3
12 2
13 2
14 4
15 4
16 2
17 2
18 5
19 5
20 2
21 2
22 6
23 6
24 2
25 1
26 1
27 1
28 1
29 1
30 1
31 3
32 3
33 3
34 4
35 4
36 4
37 5
38 5
39 5
40 6
41 6
42 6
43 2
44 7
45 7
46 7
47 7
48 7
49 2
50 7
51 7
52 7
53 7
54 7
55 7
56 1
57 2
58 1
59 8
60 8
61 2
62 2
63 8
64 8
65 2
66 2
67 8
68 8
69 2
70 2
71 8
72 8
73 2
74 2
75 8
76 8
77 2
78 2
79 2
80 2
81 2
82 2
83 2
84 2
85 7
86 7
87 1
88 1
89 1
90 1
91 1
92 1
93 8
94 8
95 9
96 9
97 9
98 9
99 9
100 8
101 2
102 2
103 2
104 2
105 10
106 2
107 2
108 2
109 11
110 11
111 11
112 11
113 11
114 2
115 2
116 2
117 2
118 12
119 13
120 14
121 2
122 2
123 15
124 15
125 15
126 15
127 15
128 2
129 2
130 16
131 16
132 16
133 16
134 16
135 2
136 2
137 7
138 7
139 7
140 7
141 7
142 8
143 8
144 8
145 8
146 8
147 2
148 2
149 8
150 8
151 2
152 8
153 8
154 8
155 8
156 8
157 8
158 8
159 2
160 2
161 8
162 8
163 2
164 2
165 8
166 8
167 2
168 2
169 2
170 2
171 2
172 2
173 17
174 17
175 17
176 17
177 17
178 17
179 8
180 8
181 18
182 18
183 18
184 18
185 18
186 8
187 8
188 19
189 19
190 19
191 19
192 19
193 8
194 2
195 20
196 20
197 20
198 20
199 20
200 2
201 2
202 21
203 21
204 21
205 21
206 21
207 2
208 2
209 2
210 2
211 2
212 2
213 2
214 2
215 2
216 22
217 22
218 22
219 22
220 22
221 22
222 22
223 22
224 22
225 22
226 22
227 22
228 8
229 8
230 8
231 8
232 8
233 8
234 8
235 8
236 8
237 2
238 2
239 8
240 8
241 8
242 2
243 8
244 8
245 2
246 2
247 8
248 8
249 2
250 2
251 8
252 8
253 2
254 2
255 2
256 2
257 2
258 2
259 8
260 23
261 23
262 23
263 23
264 23
265 8
266 8
267 24
268 24
269 24
270 24
271 24
272 8
273 2
274 25
275 25
276 25
277 25
278 25
279 8
280 2
281 26
282 26
283 26
284 26
285 26
286 2
287 2
288 27
289 27
290 27
291 27
292 27
293 2
294 2
295 28
296 28
297 28
298 28
299 28
300 2
301 8
302 29
303 29
304 29
305 29
306 29
307 2
308 2
309 30
310 30
311 30
312 30
313 30
314 8
315 8
316 8
317 8
318 8
319 8
320 8
321 8
322 8
323 2
324 8
325 8
326 8
327 8
328 2
329 8
330 8
331 8
332 27
333 8
334 8
335 2
336 2
337 8
338 8
339 2
340 2
341 8
342 8
343 2
344 2
345 31
346 31
347 31
348 31
349 31
350 31
351 8
352 8
353 32
354 32
355 32
356 32
357 32
358 8
359 8
360 33
361 33
362 33
363 33
364 33
365 2
366 8
367 34
368 34
369 34
370 34
371 34
372 8
373 2
374 27
375 27
376 27
377 27
378 27
379 2
380 2
381 35
382 35
383 35
384 35
385 35
386 2
387 2
388 2
389 2
390 2
391 2
392 2
393 2
394 2
395 2
396 36
397 36
398 36
399 36
400 8
401 8
402 8
403 8
404 8
405 8
406 8
407 8
408 8
409 2
410 8
411 8
412 8
413 8
414 8
415 8
416 8
417 2
418 8
419 8
420 8
421 2
422 8
423 8
424 8
425 8
426 8
427 8
428 8
429 2
430 2
431 2
432 2
433 2
434 2
435 2
436 2
437 2
438 2
439 2
440 2
441 37
442 38
443 39
444 2
445 2
446 2
447 2
448 2
449 2
450 2
451 2
452 2
453 2
454 2
455 40
456 41
457 42
458 8
459 2
460 2
461 2
462 2
463 2
464 2
465 8
466 8
467 43
468 43
469 43
470 43
471 43
472 8
473 8
474 2
475 2
476 2
477 2
478 2
479 2
480 2
481 2
482 2
483 2
484 2
485 2
486 8
487 8
488 8
489 8
490 8
491 8
492 8
493 8
494 8
495 2
496 8
497 8
498 8
499 8
500 8
501 8
502 8
503 8
504 8
505 8
506 8
507 8
508 8
509 8
510 8
511 8
512 8
513 8
514 8
515 2
516 2
517 44
518 44
519 44
520 44
521 44
522 44
523 8
524 8
525 45
526 45
527 45
528 45
529 45
530 8
531 8
532 2
533 2
534 2
535 2
536 2
537 8
538 8
539 46
540 46
541 46
542 46
543 46
544 8
545 8
546 47
547 47
548 47
549 47
550 47
551 8
552 8
553 48
554 48
555 48
556 48
557 48
558 8
559 8
560 49
561 49
562 49
563 49
564 49
565 2
566 2
567 2
568 50
569 51
570 50
571 50
572 8
573 8
574 8
575 8
576 8
577 8
578 8
579 8
580 8
581 8
582 8
583 8
584 8
585 8
586 8
587 8
588 8
589 8
590 8
591 8
592 8
593 8
594 8
595 8
596 8
597 8
598 8
599 8
600 8
601 2
602 2
603 52
604 52
605 52
606 52
607 52
608 52
609 53
610 53
611 53
612 53
613 53
614 53
615 53
616 53
617 53
618 53
619 53
620 53
621 53
622 53
623 8
624 8
625 8
626 8
627 54
628 55
629 8
630 8
631 8
632 8
633 56
634 56
635 56
636 56
637 8
638 8
639 57
640 8
641 57
642 57
643 57
644 8
645 8
646 58
647 58
648 58
649 58
650 58
651 2
652 2
653 59
654 59
655 59
656 59
657 59
658 8
659 8
660 8
661 8
662 8
663 8
664 8
665 8
666 8
667 53
668 53
669 8
670 8
671 8
672 8
673 8
674 8
675 8
676 8
677 8
678 8
679 8
680 8
681 8
682 8
683 8
684 2
685 8
686 8
687 2
688 2
689 60
690 60
691 60
692 60
693 60
694 60
695 60
696 60
697 60
698 60
699 60
700 60
701 60
702 8
703 8
704 53
705 53
706 53
707 53
708 53
709 8
710 8
711 61
712 61
713 61
714 61
715 61
716 8
717 8
718 62
719 62
720 62
721 62
722 62
723 8
724 8
725 63
726 63
727 63
728 63
729 63
730 8
731 2
732 64
733 64
734 64
735 64
736 64
737 2
738 8
739 65
740 65
741 65
742 65
743 65
744 65
745 65
746 2
747 8
748 8
749 8
750 8
751 8
752 8
753 8
754 8
755 8
756 53
757 53
758 8
759 8
760 8
761 8
762 8
763 8
764 62
765 8
766 8
767 8
768 8
769 8
770 8
771 8
772 8
773 8
774 8
775 8
776 2
777 2
778 2
779 2
780 8
781 8
782 8
783 8
784 8
785 66
786 67
787 8
788 8
789 8
790 8
791 68
792 69
793 70
794 8
795 8
796 53
797 53
798 71
799 72
800 53
801 8
802 8
803 73
804 73
805 73
806 73
807 73
808 8
809 8
810 62
811 62
812 62
813 62
814 62
815 8
816 8
817 2
818 74
819 74
820 74
821 74
822 8
823 8
824 2
825 2
826 75
827 76
828 77
829 2
830 2
831 2
832 2
833 78
834 2
835 79
836 2
837 2
838 2
839 8
840 8
841 8
842 8
843 8
844 8
845 8
846 8
847 8
848 8
849 8
850 8
851 8
852 8
853 8
854 8
855 8
856 8
857 8
858 8
859 8
860 8
861 8
862 8
863 8
864 8
865 8
866 8
867 8
868 8
869 8
870 8
871 8
872 8
873 80
874 80
875 80
876 80
877 80
878 80
879 80
880 80
881 80
882 80
883 80
884 80
885 80
886 8
887 8
888 8
889 81
890 81
891 81
892 81
893 8
894 8
895 82
896 82
897 82
898 82
899 82
900 8
901 8
902 83
903 83
904 83
905 83
906 83
907 8
908 8
909 84
910 84
911 84
912 84
913 84
914 8
915 8
916 84
917 85
918 85
919 85
920 85
921 8
922 8
923 84
924 86
925 86
926 86
927 86
928 84
929 84
930 84
931 8
932 8
933 8
934 8
935 8
936 8
937 8
938 8
939 8
940 8
941 8
942 8
943 8
944 8
945 8
946 8
947 8
948 8
949 8
950 8
951 8
952 8
953 8
954 8
955 8
956 8
957 84
958 8
959 8
960 84
961 84
962 84
963 84
964 8
965 87
966 87
967 87
968 87
969 87
970 87
971 8
972 8
973 88
974 88
975 88
976 88
977 88
978 8
979 8
980 89
981 89
982 89
983 89
984 89
985 8
986 8
987 90
988 90
989 90
990 90
991 90
992 8
993 8
994 91
995 91
996 91
997 91
998 91
999 8
1000 8
1001 8
1002 92
1003 92
1004 92
1005 92
1006 8
1007 8
1008 84
1009 84
1010 84
1011 84
1012 84
1013 8
1014 8
1015 84
1016 84
1017 84
1018 84
1019 84
1020 84
1021 8
1022 8
1023 8
1024 8
1025 8
1026 8
1027 8
1028 8
1029 8
1030 8
1031 8
1032 89
1033 8
1034 8
1035 8
1036 8
1037 8
1038 8
1039 8
1040 8
1041 8
1042 8
1043 8
1044 8
1045 8
1046 8
1047 8
1048 84
1049 8
1050 8
1051 8
1052 84
1053 84
1054 8
1055 8
1056 8
1057 93
1058 93
1059 93
1060 93
1061 93
1062 93
1063 84
1064 84
1065 94
1066 94
1067 94
1068 94
1069 94
1070 84
1071 84
1072 89
1073 89
1074 89
1075 89
1076 89
1077 84
1078 84
1079 95
1080 95
1081 95
1082 95
1083 95
1084 8
1085 8
1086 96
1087 96
1088 96
1089 96
1090 96
1091 8
1092 8
1093 84
1094 84
1095 84
1096 0
1097 84
1098 8
1099 84
1100 84
1101 84
1102 84
1103 84
1104 84
1105 84
1106 84
1107 84
1108 84
1109 84
1110 84
1111 0
1112 84
1113 84
1114 84
1115 84
1116 8
1117 84
1118 8
1119 8
1120 8
1121 84
1122 8
1123 8
1124 8
1125 84
1126 8
1127 8
1128 84
1129 8
1130 8
1131 8
1132 84
1133 8
1134 8
1135 8
1136 84
1137 8
1138 8
1139 8
1140 84
1141 84
1142 8
1143 8
1144 8
1145 84
1146 8
1147 84
1148 84
1149 0
1150 0
1151 0
1152 0
1153 0
1154 0
1155 84
1156 84
1157 0
1158 0
1159 0
1160 0
1161 0
1162 8
1163 84
1164 0
1165 0
1166 0
1167 0
1168 0
1169 8
1170 8
1171 0
1172 0
1173 0
1174 0
1175 0
1176 8
1177 8
1178 0
1179 0
1180 0
1181 0
1182 0
1183 84
1184 8
1185 8
1186 0
1187 0
1188 0
1189 0
1190 84
1191 8
1192 8
1193 0
1194 0
1195 0
1196 0
1197 84
1198 8
1199 0
1200 0
1201 0
1202 0
1203 0
1204 0
1205 0
1206 8
1207 84
1208 84
1209 8
1210 8
1211 8
1212 8
1213 8
1214 8
1215 8
1216 84
1217 84
1218 8
1219 8
1220 8
1221 8
1222 8
1223 8
1224 84
1225 8
1226 8
1227 8
1228 84
1229 8
1230 8
1231 8
1232 84
1233 84
1234 8
1235 8
1236 84
1237 8
1238 8
1239 84
1240 8
1241 0
1242 0
1243 0
1244 0
1245 0
1246 84
1247 8
1248 0
1249 0
1250 0
1251 0
1252 0
1253 84
1254 0
1255 0
1256 0
1257 0
1258 0
1259 0
1260 0
1261 0
1262 0
1263 8
1264 8
1265 8
1266 8
1267 8
1268 84
1269 8
1270 8
1271 84
1272 84
1273 84
1274 84
1275 8
1276 0
1277 0
1278 0
1279 0
1280 0
1281 8
1282 84
1283 84
1284 0
1285 0
1286 0
1287 0
1288 84
1289 84
1290 0
1291 0
1292 0
1293 0
1294 0
1295 0
1296 0
1297 84
1298 8
1299 8
1300 8
1301 8
1302 8
1303 84
1304 8
1305 8
1306 84
1307 8
1308 84
1309 84
1310 8
1311 0
1312 0
1313 0
1314 0
1315 0
1316 8
1317 8
1318 84
1319 0
1320 0
1321 0
1322 0
1323 0
1324 0
1325 0
1326 0
1327 0
1328 0
1329 0
1330 0
1331 0
1332 84
1333 8
1334 8
1335 8
1336 8
1337 84
1338 84
1339 8
1340 8
1341 84
1342 8
1343 8
1344 8
1345 84
1346 84
1347 84
1348 0
1349 0
1350 0
1351 8
1352 8
1353 84
1354 84
1355 0
1356 0
1357 84
1358 8
1359 8
1360 84
1361 84
1362 84
1363 84
1364 84
1365 84
1366 84
1367 84
1368 8
1369 8
1370 8
1371 8
1372 8
1373 8
1374 8
1375 8
1376 8
1377 84
1378 84
1379 84
1380 8
1381 0
1382 0
1383 84
1384 0
1385 0
1386 84
1387 8
1388 84
1389 84
1390 84
1391 0
1392 0
1393 84
1394 84
1395 0
1396 0
1397 0
1398 0
1399 0
1400 0
1401 0
1402 84
1403 84
1404 84
1405 84
1406 84
1407 0
1408 0
1409 84
