0 0
1 1
2 1
3 1
4 2
5 3
6 2
7 4
8 3
9 3
10 5
11 5
12 3
13 3
14 6
15 6
16 7
17 3
18 8
19 8
20 3
21 3
22 9
23 9
24 3
25 1
26 1
27 1
28 2
29 4
30 4
31 5
32 5
33 5
34 6
35 6
36 6
37 8
38 8
39 8
40 9
41 9
42 9
43 3
44 10
45 10
46 10
47 10
48 10
49 3
50 10
51 11
52 11
53 11
54 11
55 11
56 2
57 3
58 2
59 12
60 12
61 3
62 3
63 13
64 13
65 3
66 3
67 13
68 13
69 7
70 7
71 13
72 13
73 3
74 3
75 13
76 13
77 3
78 3
79 7
80 7
81 3
82 3
83 7
84 7
85 10
86 10
87 2
88 2
89 2
90 2
91 2
92 2
93 12
94 12
95 14
96 14
97 14
98 14
99 14
100 12
101 7
102 3
103 3
104 3
105 15
106 3
107 7
108 7
109 16
110 16
111 16
112 16
113 16
114 7
115 7
116 3
117 3
118 17
119 18
120 19
121 3
122 3
123 20
124 20
125 20
126 20
127 20
128 3
129 3
130 21
131 21
132 21
133 21
134 21
135 3
136 3
137 10
138 10
139 10
140 10
141 10
142 12
143 12
144 12
145 13
146 13
147 3
148 3
149 22
150 23
151 7
152 12
153 13
154 22
155 13
156 13
157 13
158 23
159 7
160 7
161 23
162 13
163 3
164 3
165 13
166 13
167 7
168 7
169 7
170 7
171 7
172 3
173 24
174 24
175 24
176 24
177 24
178 24
179 12
180 12
181 25
182 25
183 25
184 25
185 25
186 13
187 12
188 26
189 26
190 26
191 26
192 26
193 13
194 7
195 27
196 27
197 27
198 27
199 27
200 7
201 7
202 28
203 28
204 28
205 28
206 28
207 7
208 7
209 3
210 3
211 3
212 3
213 3
214 7
215 7
216 29
217 29
218 29
219 29
220 29
221 29
222 29
223 29
224 29
225 29
226 29
227 29
228 12
229 12
230 12
231 23
232 23
233 12
234 12
235 22
236 22
237 7
238 7
239 22
240 23
241 13
242 7
243 23
244 23
245 7
246 7
247 13
248 13
249 7
250 7
251 30
252 23
253 7
254 7
255 7
256 7
257 7
258 3
259 12
260 31
261 31
262 31
263 31
264 31
265 12
266 12
267 32
268 32
269 32
270 32
271 32
272 12
273 7
274 33
275 33
276 33
277 33
278 33
279 34
280 7
281 35
282 35
283 35
284 35
285 35
286 7
287 7
288 36
289 36
290 36
291 37
292 36
293 7
294 7
295 38
296 38
297 38
298 38
299 38
300 7
301 13
302 39
303 39
304 39
305 39
306 39
307 7
308 7
309 40
310 40
311 40
312 40
313 40
314 12
315 12
316 12
317 23
318 23
319 12
320 34
321 22
322 22
323 7
324 34
325 22
326 22
327 13
328 7
329 22
330 22
331 13
332 36
333 23
334 23
335 7
336 7
337 30
338 23
339 7
340 7
341 13
342 23
343 7
344 41
345 42
346 42
347 42
348 42
349 42
350 42
351 12
352 12
353 43
354 43
355 43
356 43
357 43
358 34
359 22
360 44
361 44
362 44
363 44
364 44
365 7
366 22
367 45
368 45
369 45
370 45
371 45
372 13
373 7
374 36
375 36
376 36
377 36
378 36
379 7
380 7
381 46
382 46
383 46
384 46
385 46
386 7
387 7
388 41
389 41
390 41
391 41
392 41
393 41
394 41
395 41
396 47
397 47
398 47
399 47
400 12
401 34
402 12
403 23
404 22
405 34
406 34
407 22
408 22
409 7
410 34
411 22
412 22
413 13
414 13
415 22
416 23
417 7
418 13
419 23
420 30
421 7
422 48
423 30
424 23
425 13
426 13
427 48
428 48
429 41
430 41
431 49
432 49
433 49
434 49
435 50
436 51
437 49
438 49
439 49
440 49
441 52
442 53
443 54
444 49
445 49
446 49
447 49
448 49
449 49
450 49
451 49
452 49
453 49
454 49
455 55
456 56
457 57
458 48
459 49
460 49
461 49
462 49
463 49
464 49
465 48
466 13
467 58
468 58
469 58
470 58
471 58
472 13
473 48
474 59
475 59
476 59
477 59
478 59
479 59
480 59
481 59
482 59
483 59
484 59
485 59
486 34
487 12
488 12
489 22
490 34
491 34
492 23
493 22
494 22
495 49
496 34
497 22
498 22
499 48
500 13
501 22
502 22
503 22
504 48
505 23
506 30
507 34
508 13
509 30
510 30
511 34
512 13
513 13
514 13
515 41
516 41
517 60
518 60
519 60
520 60
521 60
522 60
523 34
524 34
525 61
526 61
527 61
528 61
529 61
530 34
531 34
532 49
533 49
534 49
535 49
536 49
537 34
538 34
539 62
540 62
541 62
542 62
543 62
544 48
545 13
546 63
547 63
548 63
549 63
550 63
551 13
552 48
553 64
554 64
555 64
556 64
557 64
558 34
559 34
560 65
561 65
562 65
563 65
564 65
565 41
566 41
567 41
568 66
569 67
570 66
571 66
572 34
573 12
574 12
575 34
576 34
577 34
578 23
579 22
580 22
581 34
582 34
583 30
584 30
585 34
586 34
587 22
588 22
589 48
590 34
591 30
592 22
593 13
594 34
595 30
596 13
597 48
598 13
599 13
600 13
601 41
602 41
603 68
604 68
605 68
606 68
607 68
608 68
609 69
610 69
611 69
612 69
613 70
614 69
615 69
616 69
617 69
618 71
619 71
620 71
621 71
622 71
623 34
624 34
625 34
626 34
627 72
628 73
629 34
630 34
631 34
632 34
633 74
634 74
635 74
636 74
637 34
638 34
639 75
640 34
641 75
642 75
643 75
644 13
645 48
646 76
647 76
648 76
649 76
650 76
651 41
652 41
653 77
654 77
655 77
656 77
657 77
658 12
659 12
660 12
661 30
662 30
663 23
664 34
665 30
666 30
667 69
668 69
669 30
670 30
671 34
672 22
673 30
674 30
675 48
676 34
677 13
678 13
679 48
680 13
681 13
682 13
683 48
684 41
685 30
686 13
687 41
688 41
689 78
690 78
691 78
692 78
693 78
694 78
695 78
696 78
697 78
698 78
699 78
700 78
701 78
702 23
703 34
704 69
705 69
706 69
707 69
708 69
709 34
710 34
711 79
712 79
713 79
714 79
715 79
716 34
717 22
718 80
719 80
720 80
721 80
722 80
723 48
724 22
725 81
726 81
727 81
728 81
729 81
730 48
731 41
732 82
733 82
734 82
735 82
736 82
737 41
738 48
739 83
740 83
741 83
742 83
743 83
744 83
745 83
746 41
747 12
748 12
749 12
750 23
751 30
752 34
753 34
754 23
755 30
756 69
757 69
758 23
759 30
760 34
761 34
762 30
763 30
764 80
765 13
766 30
767 13
768 13
769 22
770 30
771 13
772 48
773 48
774 13
775 30
776 41
777 41
778 41
779 41
780 13
781 12
782 12
783 12
784 12
785 84
786 85
787 12
788 12
789 12
790 12
791 86
792 87
793 88
794 34
795 34
796 69
797 69
798 89
799 90
800 91
801 34
802 34
803 92
804 92
805 92
806 92
807 92
808 34
809 22
810 80
811 80
812 80
813 80
814 80
815 13
816 48
817 41
818 93
819 93
820 93
821 93
822 48
823 48
824 41
825 41
826 94
827 95
828 96
829 41
830 41
831 41
832 41
833 97
834 41
835 98
836 41
837 41
838 41
839 12
840 12
841 12
842 23
843 23
844 48
845 48
846 23
847 23
848 34
849 34
850 23
851 23
852 34
853 22
854 30
855 30
856 48
857 23
858 30
859 30
860 13
861 22
862 30
863 30
864 30
865 99
866 30
867 30
868 99
869 99
870 13
871 13
872 13
873 100
874 100
875 100
876 100
877 101
878 100
879 100
880 100
881 100
882 100
883 100
884 100
885 100
886 48
887 48
888 34
889 102
890 102
891 102
892 102
893 34
894 48
895 103
896 103
897 103
898 103
899 103
900 48
901 48
902 104
903 104
904 104
905 104
906 104
907 99
908 22
909 105
910 105
911 105
912 105
913 105
914 99
915 99
916 105
917 106
918 106
919 106
920 106
921 99
922 99
923 105
924 107
925 107
926 107
927 107
928 105
929 105
930 105
931 12
932 12
933 12
934 23
935 23
936 12
937 12
938 23
939 23
940 48
941 48
942 23
943 23
944 22
945 22
946 30
947 23
948 22
949 23
950 30
951 30
952 99
953 99
954 30
955 30
956 99
957 105
958 30
959 30
960 105
961 108
962 105
963 108
964 99
965 109
966 109
967 109
968 109
969 109
970 109
971 12
972 12
973 110
974 110
975 110
976 110
977 110
978 48
979 12
980 111
981 111
982 111
983 111
984 111
985 22
986 48
987 112
988 112
989 112
990 112
991 112
992 22
993 48
994 113
995 113
996 113
997 113
998 113
999 99
1000 99
1001 99
1002 114
1003 114
1004 114
1005 114
1006 99
1007 99
1008 115
1009 115
1010 115
1011 115
1012 115
1013 99
1014 99
1015 105
1016 105
1017 105
1018 105
1019 105
1020 105
1021 99
1022 99
1023 12
1024 12
1025 12
1026 48
1027 48
1028 12
1029 12
1030 48
1031 48
1032 111
1033 48
1034 48
1035 48
1036 48
1037 22
1038 30
1039 30
1040 99
1041 23
1042 30
1043 30
1044 99
1045 99
1046 23
1047 30
1048 108
1049 99
1050 30
1051 23
1052 108
1053 108
1054 99
1055 99
1056 99
1057 116
1058 116
1059 116
1060 116
1061 116
1062 116
1063 108
1064 108
1065 117
1066 117
1067 117
1068 117
1069 117
1070 108
1071 108
1072 111
1073 111
1074 118
1075 111
1076 111
1077 108
1078 108
1079 119
1080 119
1081 119
1082 119
1083 119
1084 22
1085 48
1086 120
1087 120
1088 120
1089 120
1090 120
1091 99
1092 23
1093 121
1094 121
1095 122
1096 123
1097 124
1098 99
1099 108
1100 121
1101 121
1102 121
1103 121
1104 121
1105 108
1106 108
1107 121
1108 121
1109 121
1110 121
1111 125
1112 121
1113 121
1114 121
1115 108
1116 12
1117 108
1118 22
1119 23
1120 48
1121 108
1122 48
1123 48
1124 48
1125 108
1126 23
1127 30
1128 108
1129 48
1130 30
1131 22
1132 108
1133 22
1134 30
1135 30
1136 108
1137 99
1138 23
1139 23
1140 108
1141 108
1142 30
1143 30
1144 99
1145 108
1146 99
1147 108
1148 108
1149 126
1150 126
1151 126
1152 126
1153 126
1154 126
1155 108
1156 108
1157 127
1158 127
1159 127
1160 127
1161 127
1162 48
1163 108
1164 128
1165 128
1166 128
1167 128
1168 128
1169 99
1170 99
1171 129
1172 129
1173 129
1174 129
1175 129
1176 99
1177 99
1178 130
1179 130
1180 130
1181 130
1182 130
1183 108
1184 99
1185 99
1186 131
1187 131
1188 131
1189 131
1190 108
1191 99
1192 99
1193 132
1194 132
1195 132
1196 132
1197 108
1198 99
1199 133
1200 133
1201 133
1202 133
1203 133
1204 133
1205 133
1206 99
1207 108
1208 108
1209 99
1210 22
1211 23
1212 22
1213 48
1214 30
1215 23
1216 108
1217 108
1218 30
1219 23
1220 99
1221 48
1222 22
1223 22
1224 108
1225 99
1226 99
1227 99
1228 108
1229 99
1230 23
1231 30
1232 108
1233 108
1234 23
1235 30
1236 108
1237 99
1238 22
1239 108
1240 22
1241 134
1242 134
1243 134
1244 134
1245 134
1246 108
1247 99
1248 135
1249 135
1250 135
1251 135
1252 135
1253 108
1254 135
1255 135
1256 135
1257 135
1258 135
1259 135
1260 135
1261 135
1262 135
1263 99
1264 99
1265 22
1266 23
1267 22
1268 108
1269 30
1270 23
1271 108
1272 108
1273 108
1274 108
1275 99
1276 136
1277 136
1278 136
1279 136
1280 136
1281 99
1282 108
1283 108
1284 137
1285 137
1286 137
1287 137
1288 108
1289 108
1290 138
1291 138
1292 138
1293 138
1294 138
1295 138
1296 138
1297 108
1298 99
1299 48
1300 30
1301 30
1302 22
1303 108
1304 23
1305 23
1306 108
1307 48
1308 108
1309 108
1310 99
1311 139
1312 139
1313 139
1314 139
1315 139
1316 99
1317 48
1318 108
1319 140
1320 140
1321 140
1322 140
1323 140
1324 140
1325 140
1326 140
1327 140
1328 140
1329 140
1330 140
1331 140
1332 108
1333 99
1334 48
1335 22
1336 23
1337 108
1338 108
1339 22
1340 30
1341 108
1342 48
1343 22
1344 23
1345 108
1346 141
1347 141
1348 142
1349 143
1350 144
1351 99
1352 48
1353 141
1354 141
1355 145
1356 146
1357 141
1358 99
1359 48
1360 141
1361 141
1362 141
1363 141
1364 141
1365 141
1366 141
1367 141
1368 48
1369 99
1370 22
1371 23
1372 48
1373 99
1374 23
1375 23
1376 48
1377 141
1378 141
1379 141
1380 22
1381 0
1382 0
1383 141
1384 0
1385 0
1386 141
1387 99
1388 141
1389 141
1390 141
1391 0
1392 0
1393 141
1394 141
1395 0
1396 0
1397 0
1398 0
1399 0
1400 0
1401 0
1402 141
1403 141
1404 141
1405 141
1406 141
1407 0
1408 0
1409 141
